95394074
95394104
95394106
95394213
95394278
95394375
95394815
95394883
95394906
95395239
95395471
95395581
95396392
95396641
95397427
95399731
95400028
95400283
95401173
95405777
95406968
95407332
95407930
95408992
95409006
95409282
95410402
95410710
95412719
95412828
95413506
95414866
95415408
95415916
95416092
95416462
95417771
95417866
95418028
95420188
95420222
95420225
95420241
95420338
95420601
95420703
95421472
95421481
95421932
95422365
95423235
95424034
95425671
95426889
95426996
95427293
95428285
95428489
95428507
95429916
95430180
95430255
95430612
95432374
95432479
95433803
95434195
95435011
95435413
95435668
95436899
95437281
95437943
95437945
95438425
95438537
95438707
95441667
95443509
95443544
95443803
95445486
95446418
95446433
95446436
95446452
95446460
95446465
95446469
95446492
95446494
95446501
95446523
95446530
95446750
95446849
95446936
95447221
95447502
95447530
95447912
95447925
95448247
95448907
95449182
95449230
95450169
95450500
95451222
95451555
95451582
95452970
95453446
95453628
95453899
95454242
95456073
95458226
95458752
95459167
95459306
95459312
95460425
95461459
95462395
95463963
95464218
95465674
95465678
95465964
95466399
95466811
95467654
95467702
95467708
95467717
95467982
95468112
95469193
95469394
95470537
95470922
95473141
95473198
95476215
95476302
95476330
95476388
95476940
95478087
95478231
95480034
95480200
95480512
95481877
95483096
95483595
95485471
95485788
95487272
95487704
95487721
95487729
95487774
95487889
95488001
95488024
95488096
95488382
95488417
95488700
95489023
95489414
95489939
95490271
95490521
95490649
95492019
95492709
95492739
95492979
95493216
95494322
95494554
95494816
95495108
95495226
95495407
95495642
95497074
95497153
95497292
95497973
95498211
95498883
95499794
95499897
95500955
95501281
95502201
95502911
95503189
95504424
95504428
95504547
95505250
95505317
95754880
95754893
95754915
95754951
95754963
95754967
95754973
95754989
95754995
95755003
95755039
95755113
95755265
95755273
95755317
95755320
95755476
95755509
95755731
95755800
95755900
95755903
95756205
95756386
95756464
95756729
95756936
95758894
95759623
95761495
95763445
95763571
95764136
95765162
95765607
95766906
95767092
95767709
95768501
95769728
95769916
95769925
95770527
95772074
95772267
95772383
95772397
95773475
95773977
95775794
95775797
95775798
95775813
95775825
95775827
95775834
95775837
95775877
95775913
95775995
95776031
95776040
95776101
95776686
95776776
95776815
95777715
95778319
95778480
95778637
95778668
95778774
95779111
95781091
95781173
95783076
95784453
95784688
95785247
95785723
95788187
95788622
95789410
95789604
95789722
95790032
95790107
95790752
95791240
95792237
95792713
95792972
95794134
95794943
95796542
95796572
95796582
95796589
95796595
95796597
95796612
95796615
95796621
95796626
95796694
95796726
95797279
95797288
95797420
95797578
95797579
95797752
95798011
95802209
95802862
95803021
95803599
95803645
95804866
95804927
95805047
95805086
95805768
95806535
95806912
95807749
95808238
95808241
95808994
95809361
95811835
95812278
95812714
95812794
95813039
95814083
95814429
95817479
95817480
95817485
95817489
95817502
95817514
95817553
95817571
95817580
95817582
95817648
95817709
95817907
95818090
95818284
95818733
95819530
95819554
95820297
95820462
95820651
95822810
95822886
95824201
95824359
95824751
95826075
95827912
95828445
95829660
95829947
95830076
95830235
95830250
95831475
95831599
95832481
95832621
95832973
95833140
95833319
95833686
95834050
95837018
95837112
95837116
95838538
95838747
95838761
95838766
95838782
95838815
95838840
95838848
95838855
95838872
95838944
95838974
95839058
95839163
95839235
95839264
95839780
95839896
95840344
95840399
95840770
95841206
95842155
95842246
95844763
95845025
95845205
95845907
95847009
95848077
95848912
95851946
95852258
95852350
95852392
95852750
95853406
95854377
95854399
95854627
95855181
95855862
95856134
95856659
95856734
95857455
95857698
95858366
95859535
95862205
95862219
95862242
95862254
95862255
95862274
95862288
95862289
95862290
95862343
95862361
95862370
95862374
95862418
95862440
95862487
95862560
95862628
95862924
95863076
95863139
95863408
95863886
95865005
95865114
95865746
95865791
95866072
95866169
95866624
95868410
95869381
95870509
95870847
95871069
95871606
95872358
95873442
95874035
95874091
95874107
95875192
95876611
95877246
95877606
95879235
95879848
95881441
95882060
95883111
95883269
95886562
95888308
95890188
95890218
95890223
95890230
95890273
95890275
95890598
95890718
95890909
95890941
95891010
95893997
95895222
95896547
95900434
95901532
95902581
95907118
95907370
95908879
95911023
95911077
95911204
95911731
95911793
95912280
95912924
95913047
95913652
95913679
95913778
95913935
95914328
95915240
95916837
95917256
95920092
95922669
95923073
95924623
95925534
95926425
95926625
95927437
95928544
95930608
95931661
95931898
95932037
95934104
95934439
95935352
95936591
95936597
95936694
95939355
95942736
95953200
95955669
95955889
95958353
95958531
95958566
95958889
95959728
95959787
95960070
95960519
95960833
95962135
95963821
95964367
95964385
95965291
95965714
95967122
95967998
95971327
95972142
95975547
95976899
95977709
95977936
95979541
95980632
95980669
95981669
95981673
95981691
95981717
95981735
95981763
95981768
95981854
95982371
95982460
95982613
95982799
95982881
95983604
95983633
95983975
95984048
95984154
95987363
95990095
95990310
95992887
95994114
95994819
95995028
95996345
95996451
95996915
95997076
95998107
95998170
95998776
95999855
96000202
96001269
96003213
96426142
96452295
96452315
96453142
96459134
96460652
96463865
96468035
96477210
96477222
96477225
96477234
96477280
96477351
96477406
96477530
96477764
96478205
96478312
96478580
96478582
96480483
96483468
96485418
96486212
96489793
96491695
96492770
96493043
96493396
96495886
96496545
96496968
96498872
96498923
96499263
96499553
96499780
96506144
96514869
96516128
96536093
10-Pixiv
100208494
100208587
100213035
100213072
100222921
100230957
100235861
100236442
100236461
100237255
100237498
100242810
100242827
100243278
100249400
100250023
100253382
100257723
100259629
100259704
100260460
100260548
100283878
100286056
101070315
101070340
101070347
101070366
101070375
101070395
101070399
101071032
101071267
101071500
101071776
101074404
101075765
101076824
101077230
101077865
101078022
101078293
101079462
101079498
101081333
101081389
101081396
101081903
101083107
101083783
101084134
101084653
101085755
101085844
101086858
101090165
101090289
101090699
101091154
101091269
101091302
101091330
101091338
101091347
101091641
101092137
101093332
101093827
101094148
101094535
101095950
101096759
101096870
101096871
101099449
101099741
101100166
101100573
101103236
101103879
101103912
101105125
101105434
101105619
101106937
101107073
101107410
101109639
101110115
101111943
101112522
101112598
101113129
101113178
101113201
101113298
101113309
101113527
101113650
101114231
101114326
101114366
101115054
101118332
101119443
101119450
101119654
101119791
101120074
101122532
101122666
101124243
101124479
101124694
101126753
101128444
101128527
101129647
101130170
101131222
101131403
101131413
101133248
101134027
101134169
101134582
101135865
101136423
101136501
101137809
101137838
101137845
101137880
101137947
101137967
101137984
101138085
101138188
101138304
101138322
101138338
101138412
101138425
101139109
101139375
101139506
101139508
101139762
101142720
101143913
101144207
101144405
101144410
101144755
101145618
101145780
101147678
101151661
101152031
101152700
101153074
101157273
101157681
101158183
101158813
101162282
101162399
101162436
101162563
101163218
101163418
101165352
101165659
101165686
101165698
101165703
101165740
101165778
101165812
101166280
101166512
101167042
101168093
101172169
101173848
101176876
101177391
101178402
101178526
101178843
101180121
101180308
101182993
101183121
101183365
101183649
101186373
101437447
101437465
101437469
101437504
101437527
101437540
101437585
101437599
101437932
101437973
101439821
101440271
101440581
101441418
101442744
101443007
101443589
101443995
101444018
101444703
101446847
101447146
101447419
101448990
101449493
101451250
101453280
101453854
101454734
101455340
101456472
101456688
101458659
101462621
101462645
101462663
101462666
101462694
101462723
101462748
101462997
101464884
101464947
101465299
101467047
101467650
101473041
101473206
101474554
101475359
101475874
101477894
101478006
101478081
101478305
101478341
101478416
101478980
101479507
101480592
101482211
101482920
101483652
101485097
101486536
101487980
101488142
101488248
101489885
101490161
101490339
101490348
101490376
101490384
101490402
101490409
101490442
101490446
101490453
101490459
101490465
101490480
101490607
101490636
101490679
101491047
101492533
101493673
101496741
101496787
101498112
101498435
101499554
101499961
101501492
101501939
101502447
101502794
101504132
101504563
101504572
101505131
101506179
101506758
101507488
101511032
101511197
101511710
101512087
101512352
101512402
101512478
101513233
101514226
101516590
101516908
101517698
101517943
101518483
101519286
101520379
101520774
101521999
101523217
101524473
101524515
101524553
101524626
101524633
101524648
101525512
101527419
101530298
101531000
101532795
101532839
101532877
101532878
101532918
101532999
101533030
101533063
101533219
101533304
101533802
101534377
101534713
101534893
101535159
101540129
101540554
101540690
101540727
101541240
101543914
101544321
101545117
101545188
101546027
101547673
101550518
101551225
101552808
101779788
101779819
101779906
101779918
101779941
101780119
101780475
101780868
101781308
101781738
101783069
101783156
101783433
101786034
101786771
101787327
101788425
101788509
101788514
101792285
101794291
101794726
101797337
101797478
101798636
101801004
101802682
101805632
101807947
101807971
101808019
101808050
101808062
101808113
101808191
101808326
101808333
101808387
101808487
101808780
101808827
101809579
101811416
101811941
101812618
101813978
101815066
101815404
101815755
101815761
101815879
101816127
101819595
101819694
101820141
101821064
101823497
101825663
101825810
101827092
101827199
101828055
101830877
101831632
101834023
101838547
101838593
101838599
101838662
101838688
101838712
101838736
101838950
101838965
101839603
101839885
101840060
101840076
101842336
101844822
101845698
101847487
101847573
101847751
101848115
101848882
101849485
101850161
101850204
101850308
101852142
101853263
101853725
101854727
101855894
101856738
101857060
101857381
101857716
101859104
101859286
101860279
101862155
101862947
101862955
101862973
101863027
101863035
101863040
101863744
101864043
101864302
101864515
101865410
101866546
101867672
101867753
101868669
101869770
101869774
101870399
101870474
101872516
101873640
101874669
101874884
101874900
101875546
101878833
101880585
101881059
101881727
101884953
101886875
101886966
101887240
101887291
101887349
101887358
101887389
101887395
101887519
101887835
101887960
101888041
101888090
101888881
101889078
101889182
101890234
101891300
101892938
101893527
101893893
101896173
101896408
101896711
101897927
101901589
101902512
101902829
101902975
101904931
101905000
101906653
101907960
101908494
101909376
101911022
101998905
101998958
101998985
101999071
101999358
101999385
101999389
101999491
102000599
102000784
102000996
102002506
102002847
102003099
102004216
102006240
102006532
102006626
102006994
102008298
102009497
102010145
102010942
102012358
102013048
102013315
102013463
102013515
102014509
102014592
102015165
102015893
102016084
102017487
102019300
102021428
102024409
102024704
102024745
102024749
102024764
102024827
102024982
102025109
102025289
102025755
102026501
102028289
102030745
102030748
102030960
102032733
102033752
102033880
102034119
102034554
102036145
102037356
102038267
102038283
102039268
102039698
102041086
102041310
102041373
102041717
102041970
102042660
102043250
102043863
102045047
102045119
102045773
102049144
102049284
102049502
102049509
102049581
102049632
102049721
102049918
102050402
102050528
102050645
102050735
102051088
102051323
102051574
102051931
102052962
102053000
102054641
102056500
102060352
102062800
102063008
102064176
102064185
102064678
102065825
102066003
102066526
102067062
102068022
102074067
102074073
102074093
102074129
102074234
102074297
102074393
102074401
102074556
102074802
102076149
102076558
102077144
102077505
102078338
102078689
102078785
102079876
102082895
102083651
102083763
102084182
102085625
102087271
102087689
102088819
102089345
102090882
102091636
102092854
102093156
102093943
102094073
102096362
102097732
102097739
102097773
102097783
102097849
102097869
102098061
102098195
102098390
102098488
102098973
102099289
102099796
102102251
102102272
102103818
102104039
102104346
102105564
102105747
102107345
102107415
102112289
102112554
102112624
102113894
102114320
102114829
102115202
102115229
102115348
102115351
102118183
102119533
102120162
102208283
102208295
102208305
102208317
102208342
102208676
102208879
102210664
102212416
102213114
102214029
102214628
102215314
102215505
102218031
102219208
102219681
102220769
102221106
102222559
102224163
102225037
102225631
102226219
102226300
102227481
102227751
102227918
102228853
102231069
102231446
102231751
102232976
102232979
102233007
102233020
102233051
102233068
102233313
102233977
102234150
102234267
102234552
102234955
102235860
102236869
102237769
102239188
102242783
102242857
102243064
102246562
102247540
102247772
102249113
102250139
102250632
102251953
102255328
102255433
102255955
102256935
102256984
102257002
102257005
102257029
102257058
102257085
102257297
102257389
102257436
102258039
102258208
102258715
102258939
102258948
102259976
102263829
102264026
102265226
102265286
102266330
102266523
102266864
102267565
102269623
102272073
102273274
102274782
102274943
102275107
102277841
102278333
102280864
102280880
102280932
102281268
102281622
102284076
102284569
102285727
102286974
102288063
102288595
102289614
102290741
102291945
102292703
102293214
102295136
102295155
102299094
102299191
102300924
102302195
102303119
102303229
102304938
102304991
102305077
102305375
102305381
102305677
102305893
102306279
102306381
102306456
102306584
102306894
102307362
102311629
102311923
102312128
102312799
102313940
102315182
102317548
102317677
102317894
102317957
102318776
102320899
102324483
102324519
102324769
102324934
102325372
102325589
102326114
102328139
102329172
102437080
102437099
102437124
102437129
102437137
102437174
102437426
102437432
102437462
102438140
102438323
102438449
102439165
102439187
102439331
102439584
102439831
102441354
102441991
102444060
102444636
102444938
102445738
102447474
102447684
102449131
102449503
102450636
102450831
102451562
102452444
102452626
102456282
102456555
102456835
102457811
102459628
102463221
102463317
102463492
102463538
102463604
102463926
102464796
102469202
102470391
102470577
102474437
102474617
102475681
102475710
102475867
102478682
102478889
102481098
102481960
102482926
102484454
102485171
102486797
102487762
102490931
102491321
102491339
102491353
102491379
102491401
102491402
102491627
102491650
102491695
102492544
102492748
102496620
102497980
102498428
102498442
102500578
102501075
102501309
102503523
102503814
102506317
102507861
102508018
102508191
102509005
102509871
102510464
102513297
102514166
102516721
102516735
102516752
102516790
102516932
102516947
102516963
102517083
102517460
102518156
102518742
102519907
102523548
102524200
102526006
102526567
102527706
102527845
102530636
102530814
102531555
102531770
102531902
102533428
102535463
102536917
102537390
102539354
102539476
102539931
102543144
102544556
102545982
102545988
102546056
102546133
102546272
102546470
102546730
102547114
102547217
102547309
102547671
102549826
102549978
102552089
102553744
102553752
102556316
102558849
102561190
102561655
102562211
102565954
102566855
102567007
102567834
102569553
102569743
102571685
102571834
102572430
102572695
102574353
102574750
102574951
102575506
102575689
102604294
102604295
102604316
102604351
102604360
102604589
102604726
102605640
102606177
102606834
102606863
102609391
102609503
102609623
102610411
102610569
102610683
102611621
102615398
102615669
102617402
102617434
102619347
102619752
102620527
102620746
102621712
102621814
102622833
102623346
102623704
102624761
102627180
102628454
102628731
102628776
102630145
102630160
102630170
102630177
102630208
102630217
102630232
102630357
102630687
102630787
102630812
102631124
102631276
102631546
102631803
102632115
102632215
102632604
102633311
102635053
102635305
102639703
102639850
102640972
102641109
102643206
102646031
102646133
102647422
102648943
102649709
102650160
102651019
102651902
102651920
102652759
102653531
102655296
102655351
102655378
102655459
102655618
102655979
102656217
102656747
102661709
102662178
102662350
102663306
102663769
102665599
102665826
102666616
102666779
102668222
102668354
102668570
102668884
102669792
102671894
102673672
102674005
102674444
102680819
102680955
102681168
102681419
102681479
102681907
102683393
102683919
102684618
102684664
102686728
102687694
102689647
102690785
102690957
102691631
102692515
102694422
102697271
102697379
102697694
102698806
102699278
102699804
102700617
102700737
102701348
102702191
102704029
102706787
102706819
102708997
102709026
102709079
102709124
102709371
102709471
102709585
102709874
102710564
102713440
102713609
102713794
102714229
102714976
102715872
102715934
102716716
102717985
102719797
102720782
102720998
102721376
102722079
102722380
102722966
102728325
102728491
102731359
102731804
102732300
102732411
102733263
102734325
102825275
102825311
102825614
102826106
102826164
102827206
102828342
102828774
102829159
102830102
102830828
102830989
102831401
102832823
102835279
102835959
102837924
102840287
102841123
102842083
102842221
102843548
102846483
102846510
102846603
102846763
102846955
102847145
102847251
102847416
102849702
102850092
102850662
102850674
102850692
102850726
102850762
102850883
102851081
102851443
102851451
102852447
102854306
102855775
102856698
102857316
102857849
102858116
102858156
102858795
102860678
102861401
102861831
102861881
102863420
102864375
102865451
102866522
102867440
102868161
102869190
102869265
102869576
102871159
102872258
102873144
102873415
102875362
102875389
102875400
102875402
102875410
102875422
102875443
102875525
102875568
102875594
102875604
102875625
102875628
102875697
102875706
102875802
102876182
102877281
102878413
102881466
102881679
102882089
102882804
102883049
102885298
102885905
102889463
102889575
102889582
102889587
102890624
102891406
102891747
102892071
102892776
102893711
102895373
102895404
102895836
102895938
102896817
102898387
102898499
102901114
102902123
102902127
102902130
102902134
102902147
102902258
102902422
102902583
102902640
102903345
102903350
102904562
102904907
102905343
102905726
102906779
102908246
102908928
102910231
102910238
102914543
102914729
102917796
102918446
102925140
102925387
102925795
102929161
102929431
102930278
102931697
102932046
102932383
102932388
102932402
102932411
102932432
102932441
102932470
102932567
102932785
102932860
102932937
102932984
102933926
102933974
102934282
102937876
102939186
102940399
102941528
102941764
102943425
102943658
102944326
102944361
102950743
102952416
102954051
102957352
102959478
102959953
102960116
102961365
102962676
102963810
102963999
105353503
105353600
105353692
105353753
105353870
105354026
105354027
105354347
105354606
105355175
105356154
105359371
105360686
105361517
105362272
105363084
105363126
105368650
105370141
105370736
105371644
105372005
105373473
105373476
105373578
105374211
105375578
105375996
105376723
105378074
105378320
105379085
105379801
105379942
105381801
105382358
105383892
105386383
105388465
105392147
105392157
105392163
105392190
105392207
105392213
105392240
105392305
105392487
105393101
105394241
105394345
105395713
105397049
105397247
105398386
105399896
105400760
105402950
105403096
105403612
105404462
105405128
105406231
105406266
105413319
105413507
105414500
105414739
105416919
105416942
105417766
105421618
105421680
105421683
105421900
105422235
105423304
105423539
105423673
105423859
105425040
105425714
105428129
105428757
105429283
105431805
105432878
105433787
105434506
105434687
105434907
105436096
105436274
105436309
105437077
105437153
105437234
105438646
105440513
105440767
105441116
105443174
105443488
105445452
105446394
105446505
105447350
105447367
105447374
105447410
105447420
105447424
105447443
105447549
105447576
105447645
105447979
105448862
105450634
105451385
105452802
105453373
105454060
105454201
105454514
105454818
105454867
105455152
105456317
105456458
105456749
105456918
105457350
105458334
105459002
105461467
105463894
105465992
105472015
105473492
105473511
105473583
105473592
105473682
105473886
105474217
105474258
105474468
105474520
105474821
105476494
105476591
105476800
105476948
105480645
105484435
105485735
105487223
105489301
105490207
105490924
105491798
105493685
105494048
105494888
105496605
105496623
105496877
105501010
105502043
11-Pixiv
12-Pixiv
13-Pixiv
14-Pixiv
16-Pixiv
17-Pixiv
18-Pixiv
19-Pixiv
20-Pixiv
21-Pixiv
22-Pixiv
23-Pixiv
24-Pixiv
25-Pixiv
26-Pixiv
3-Pixiv
32-Pixiv
34-Pixiv
35-Pixiv
36-Pixiv
38-Pixiv
40-Pixiv
41-Pixiv
42-Pixiv
43-Pixiv
44-Pixiv
45-Pixiv
47-Pixiv
48-Pixiv
49-Pixiv
5-Pixiv
51-Pixiv
52-Pixiv
53-Pixiv
54-Pixiv
55-Pixiv
58-Pixiv
59-Pixiv
6-Pixiv
60-Pixiv
61-Pixiv
62-Pixiv
63-Pixiv
66-Pixiv
68-Pixiv
69-Pixiv
7-Pixiv
70-Pixiv
71-Pixiv
73-Pixiv
73891098
73891119
73891169
73891176
73891494
73891517
73891850
73893924
73895046
73895491
73896995
73897242
73897761
73899370
73900785
73900887
73901305
73902273
73902738
73904699
73907157
73907221
73907293
73907467
73907585
73908781
73909517
73911572
73914815
73915080
73918444
73923118
73923127
73923181
73923271
73923305
73923377
73923464
73923536
73923613
73923678
73923681
73923964
73924102
73924285
73924308
73924552
73924776
73927323
73928898
73929375
73929474
73929775
73929922
73930552
73931851
73932674
73933227
73934935
73936411
73937970
73939013
73939373
73939374
73939397
73939451
73939507
73940746
73941016
73942442
73944738
73944865
73947193
73949136
73949423
73949833
73952647
73953599
73954538
73960407
73960711
73960746
73961002
73961055
73964045
73964781
73969800
74-Pixiv
75-Pixiv
77-Pixiv
78-Pixiv
8-Pixiv
80-Pixiv
80371863
80371965
80371992
80372000
80372068
80372155
80372172
80373443
80375373
80380464
80383700
80385025
80387799
80390214
80391334
80391369
80391649
80391777
80392066
80392124
80392336
80396119
80398484
80398588
80399719
80400520
80402201
80408843
80411168
80414117
80414277
80414283
80414355
80414375
80414420
80414514
80414538
80414586
80414770
80416695
80419309
80420772
80421050
80423566
80425808
80427989
80431716
80431787
80432523
80432670
80433623
80433840
80436117
80437617
80440555
80440842
80441126
80441801
80442686
80444003
80444065
80444125
80446431
80446655
80451185
80452643
80453623
80454321
80473152
80475123
80476112
81-Pixiv
87-Pixiv
88724789
88724801
88724826
88724829
88724832
88724845
88724858
88724935
88725268
88725615
88725930
88726982
88730323
88730558
88731889
88732132
88733326
88734947
88736141
88737720
88737866
88738420
88739855
88739920
88740430
88740874
88741659
88742169
88742246
88742579
88743284
88744509
88745526
88748178
88748199
88748244
88748276
88748321
88748335
88748512
88748904
88748996
88749424
88749710
88750320
88750493
88750899
88750992
88751013
88752770
88754442
88754692
88755045
88755459
88755627
88755632
88756590
88758749
88758896
88760682
88761421
88763978
88767042
88768069
88768605
88771014
88775323
88775335
88775351
88775391
88775659
88775689
88775802
88776338
88776638
88777344
88779959
88781278
88781346
88781553
88781800
88781952
88784188
88785215
88785458
88787053
88787164
88787189
88787207
88788714
88788946
88789414
88790033
88791169
88791570
88792525
88793631
88794469
88794874
88797245
88797251
88797268
88797271
88797288
88797317
88798005
88798082
88798168
88798178
88799477
88799592
88800260
88802647
88802780
88802912
88803190
88803207
88805298
88805534
88805564
88805629
88805660
88806799
88807815
88809105
88809894
88810303
88810491
88811385
88812534
88812978
88813232
88814296
88814427
88814719
88815886
88818700
88818718
88818731
88818749
88818753
88818976
88819898
88820125
88820360
88821252
88824134
88824358
88825090
88827524
88827938
88829655
88830416
88834253
88834689
88834995
88835022
89-Pixiv
91-Pixiv
94-Pixiv
95890144
95891949
95892638
95895850
95896890
95901484
95903631
95905649
95906632
95913884
95914314
95914827
95916194
95917716
95917954
95918249
95919166
95919473
95922366
95923824
95924128
95925921
95927365
95932276
95936318
95936325
95936355
95936807
95936995
95937342
95939362
95941487
95942221
95942660
95942848
95946950
95949651
95950882
95952236
95953129
95953304
95954948
95958513
95962010
95967534
95968210
95970418
95972190
95972526
95973128
95974860
95976388
95978494
95981713
95981722
95981743
95982313
95982395
95982519
95983441
95984369
95988358
95996346
95997119
95997206
96-Pixiv
96637224
96637227
96637240
96637254
96637310
96638237
96638465
96639216
96639999
96641354
96643102
96643515
96643581
96645414
96648583
96649012
96652785
96653275
96653283
96653420
96653453
96658891
96659014
96659285
96659446
96659607
96662808
96663005
96663189
96664191
96664649
96666768
96667560
96668886
96669526
96670922
96671483
96671705
96674596
96674879
96675104
96678637
96680183
96680216
96680333
96680383
96680522
96680545
96680668
96680762
96680886
96681064
96681433
96681925
96682721
96683449
96687253
96687425
96688006
96689998
96690877
96694792
96695031
96695580
96695847
96696564
96696666
96697870
96699773
96700869
96701167
96703475
96705428
96705616
96705638
96705707
96705914
96706720
96706769
96706922
96707717
96711307
96712164
96712529
96713304
96714250
96714503
96715068
96715459
96715551
96716868
96722974
96726214
96727109
96727895
96727931
96728422
96729185
96731403
96733003
96733021
96733036
96733041
96733061
96733090
96733097
96733510
96733851
96734845
96738976
96739262
96742281
96742566
96743016
96743045
96743794
96745518
96747122
96747478
96747562
96749494
96749678
96750254
96751491
97197107
97197134
97197175
97197213
97197295
97197586
97198208
97198222
97199394
97199583
97201194
97203599
97204704
97205496
97205775
97207152
97210599
97213654
97214154
97216102
97217025
97217790
97217905
97224405
97224431
97224444
97224606
97228102
97228344
97228637
97230767
97230962
97232259
97233960
97234224
97234445
97234512
97235424
97236768
97236985
97236989
97237412
97237864
97241086
97246664
97246668
97246693
97246711
97246764
97246822
97246909
97247286
97247774
97248003
97248357
97250101
97250566
97251369
97256154
97256700
97256735
97256872
97257229
97257340
97259072
97259251
97259370
97260029
97260316
97260543
97263829
97265714
97268101
97268123
97268129
97268134
97269541
97275830
97276069
97276211
97276646
97278583
97279385
97279746
97280407
97280444
97281469
97282687
97283090
97283275
97289396
97289426
97289445
97289447
97649145
97649157
97649200
97649292
97649351
97649884
97650851
97655584
97656569
97657572
97661309
97663062
97664396
97664674
97665957
97667272
97668606
97671762
97673104
97673149
97673724
97674293
97676065
97680091
97680812
97680929
97682540
97685070
97686936
97690007
97691099
97692227
97692737
97694794
97697812
97701845
97701863
97701930
97702099
97702318
97702495
97703131
97703373
97704960
97705979
97707292
97708481
97710291
97713331
97714487
97714969
97715328
97717877
97718123
97718361
97720788
97721128
97721253
97724019
97724027
97724392
97724885
97727035
97728859
97728866
97729266
97730236
97732684
97735823
97735979
97736682
97737682
97739767
97741898
97744592
97744599
97744631
97744659
97744713
97744881
97744883
97744924
97745438
97747337
97750052
97750265
97750661
97751705
97752833
97753558
97757217
97758566
97761308
97761825
98056861
98056873
98057238
98058713
98059558
98060431
98060727
98062228
98062391
98063253
98064017
98065858
98069444
98070405
98071086
98073004
98075996
98076005
98076338
98077173
98078880
98082232
98083502
98084361
98085110
98086792
98090928
98092289
98092811
98098772
98100262
98101332
98102558
98106321
98107542
98107548
98109764
98114050
98115890
98117136
98117957
98119117
98119815
98122331
98122585
98123043
98127112
98127990
98128702
98128954
98129483
98131900
98133137
98135429
98135453
98135469
98136427
98136665
98137194
98137283
98140414
98142217
98143424
98144380
98145724
98149232
98152853
98154174
98154243
98158940
98158991
98159219
98159305
98159728
98159945
98167351
98168603
98169749
98171380
98172003
98173278
98173310
98173367
98173690
98173747
98173771
98177138
98178858
98180079
98180173
98182083
98398504
98398546
98398549
98398902
98403036
98403513
98403548
98405044
98405604
98405658
98405730
98406701
98406702
98406916
98408777
98408926
98411251
98412505
98412699
98413719
98413888
98415431
98416205
98419134
98419322
98419507
98419509
98419512
98419514
98419523
98419537
98419538
98419554
98419555
98419575
98419963
98420014
98420103
98420874
98421365
98422576
98423670
98423768
98427976
98429552
98430437
98434952
98437882
98439474
98439847
98440396
98440630
98440717
98441349
98442241
98442398
98442730
98443666
98446169
98446669
98448799
98450482
98450823
98451158
98451491
98451741
98452702
98452821
98453985
98454066
98455180
98455690
98456704
98458122
98460005
98460976
98461062
98461072
98461105
98461385
98461510
98461645
98462243
98462387
98462702
98463522
98464697
98468413
98469276
98473175
98477238
98480976
98482668
98482720
98482730
98482748
98482928
98482996
98483345
98483465
98483744
98485456
98488482
98489656
98491382
98492755
98493260
98493332
98495212
98498305
98501982
98502751
98504572
98765025
98765045
98765057
98765093
98765285
98765395
98765457
98765666
98766119
98766514
98767344
98767598
98768511
98768689
98770135
98770485
98770610
98772423
98772941
98773769
98774842
98774925
98775057
98775796
98775891
98777206
98779730
98781799
98782060
98784436
98785656
98785660
98785837
98785895
98785912
98786030
98786083
98786135
98786795
98788232
98788666
98789601
98789839
98791572
98794182
98794289
98794533
98797652
98798698
98799586
98800778
98805240
98806522
98806571
98806911
98808173
98808706
98808738
98808818
98808865
98808882
98811884
98812493
98817968
98818419
98819623
98821336
98822985
98824087
98824935
98826950
98827578
98830447
98830478
98830507
98831017
98831129
98831603
98831959
98832737
98833702
98834191
98836349
98836663
98837435
98838076
98838085
98838096
98838103
98838111
98838118
98838130
98838192
98838200
98838223
98838243
98838304
98838344
98838584
98840131
98841171
98841335
98843836
98845463
98845836
98848068
98850533
98850825
98853894
98857784
98857874
98857943
98858019
98859793
98863250
98863325
98864401
98866303
98866354
98866376
98866441
98868600
98869048
98869636
98870307
98870608
98870727
98870914
98870928
98871500
98872071
98872208
98873600
98874739
98876211
98876579
98879389
99077569
99077581
99077591
99077619
99077621
99077648
99077722
99077727
99077814
99077956
99078719
99078811
99078878
99079439
99079886
99083195
99083348
99083786
99083794
99089615
99091272
99092463
99094589
99094908
99097549
99097652
99097688
99097692
99097886
99097910
99098117
99098131
99098225
99098665
99099413
99100022
99100112
99101369
99101857
99102972
99103071
99103144
99103518
99103801
99105344
99105804
99105965
99106213
99106357
99106684
99106702
99106722
99107323
99107935
99108372
99108843
99110832
99112450
99112734
99113073
99114785
99114861
99115018
99118302
99118313
99118364
99118416
99118544
99118862
99119562
99121107
99121160
99122431
99122770
99125608
99125876
99129886
99131356
99132693
99133723
99133790
99133803
99134207
99134782
99134786
99135330
99135736
99136875
99136964
99137243
99137543
99137863
99139963
99141056
99141130
99141631
99141948
99142833
99142871
99142893
99142903
99142909
99142922
99143068
99143178
99143403
99143420
99143607
99145353
99145597
99146433
99150275
99150479
99150622
99150986
99152684
99153018
99155344
99156650
99158235
99159158
99160951
99161141
99162787
99163879
99167889
99168148
99168984
99169160
99170555
99170557
99170587
99170617
99170731
99170751
99170865
99170986
99171091
99171215
99171353
99172989
99173716
99174642
99175076
99176094
99177081
99177862
99178633
99179338
99179364
99179556
99179738
99179881
99180392
99185155
99185547
99186719
99188974
99189344
99189406
99189613
99190039
99191593
99192096
99773657
99773667
99773733
99773742
99773803
99773903
99774257
99774330
99774473
99774902
99776062
99776095
99776246
99776347
99776366
99776486
99777112
99777381
99780199
99781118
99781530
99783396
99784585
99784766
99790434
99791710
99792036
99793983
99795055
99795270
99796354
99796590
99797041
99799376
99799833
99800604
99800606
99800615
99800651
99800714
99800724
99800800
99800849
99800994
99807314
99807323
99807393
99808618
99809523
99810043
99810211
99810636
99810637
99810678
99812494
99813301
99813556
99815254
99816284
99817500
99817526
99818356
99821325
99821817
99825275
99826769
99827809
99827864
99827882
99827899
99827901
99828124
99828200
99828267
99829306
99829797
99831012
99833004
99833757
99833758
99833761
99834407
99834736
99835056
99835840
99836051
99836067
99837171
99839210
99839655
99844243
99844709
99849262
99849342
99850184
99850253
99850298
99850304
99850315
99850344
99850346
99850372
99850398
99850420
99850475
99850511
99850710
99851454
99852540
99855222
99856452
99856491
99861562
99863093
99864742
99866828
99867107
99871172
99871376
99872700
99872737
99872746
99872752
99872757
99872777
99872832
99872864
99872890
99872966
99873203
99873568
99873774
99873977
99874999
99876055
99878909
99879862
99880543
99883752
99885817
99887668
99888227
99888384
99888390
99888834
99889275
99889371
99890436
99890551
99892680
0 (2)
0-Pixiv (2)
0-Pixiv (3)
0-Pixiv (4)
0-Pixiv
0-Pixiv
0
1 (2)
1-Kemono
1-Pixiv (2)
1-Pixiv (3)
1-Pixiv
1-Pixiv
1
10-Pixiv (2)
10-Pixiv
10-Pixiv
10
100191209
100204180
100213056
100213073
100213111
100213135
100213234
100213288
100214821
100223175
100236430
100236449
100236483
100236580
100236945
100237224
100239035
100249732
100252153
100255286
100259729
100262422
100285476
100285674
100288083
101070353
101070358
101070379
101070398
101072040
101076419
101077012
101079851
101082058
101083035
101083847
101085266
101091270
101091320
101091322
101091362
101091369
101091429
101093011
101093292
101096692
101105314
101107314
101108042
101108191
101108565
101109227
101110728
101110785
101113174
101113223
101113238
101113262
101113281
101113453
101113523
101113748
101114497
101114721
101118222
101120254
101121639
101122512
101123738
101124081
101128793
101128957
101132355
101133102
101137926
101137977
101138321
101139036
101145098
101146528
101147284
101147392
101148057
101155222
101155475
101157526
101157741
101158564
101165708
101165717
101165733
101165756
101167333
101167591
101167772
101168364
101173482
101177464
101178207
101179717
101179992
101183853
101185300
101185647
101187772
101250830
101250855
101250875
101250949
101251445
101255345
101256174
101262304
101263672
101263886
101264868
101270484
101272125
101272128
101272245
101272268
101276265
101281438
101282441
101282926
101283274
101283275
101283309
101285269
101288211
101297427
101298685
101299205
101301601
101302938
101304984
101307320
101307684
101308134
101310553
101314001
101323651
101323863
101324003
101326153
101328654
101330631
101331447
101333268
101340233
101351450
101351451
101351498
101351514
101351606
101351963
101353741
101353967
101361051
101361077
101361093
101361103
101361126
101361130
101363249
101365702
101437471
101437482
101437523
101438216
101438537
101438976
101439746
101447684
101456060
101457476
101458114
101458704
101462661
101462676
101462757
101463354
101463792
101464308
101468453
101469024
101473348
101475294
101476670
101489305
101490359
101491103
101491331
101492654
101493011
101493935
101496545
101502678
101512323
101512462
101513081
101522480
101523435
101524051
101525363
101526723
101527849
101528401
101532763
101532765
101532793
101532833
101532873
101533011
101533148
101533407
101533530
101533777
101534609
101535674
101536710
101536801
101540275
101542145
101543297
101544527
101546655
101550720
101779793
101779848
101779880
101779984
101780482
101782172
101782533
101785930
101787554
101792041
101794522
101794765
101794911
101795171
101796213
101805082
101805095
101807941
101807975
101807980
101808057
101813744
101814877
101815285
101815606
101822449
101823150
101823805
101825648
101827111
101834830
101838534
101838538
101838591
101838628
101838870
101839149
101839746
101842229
101842539
101849553
101849751
101862458
101862943
101862998
101863006
101863007
101863178
101865146
101866527
101868078
101869073
101878219
101880211
101883539
101887226
101887258
101887279
101887330
101889164
101889696
101891205
101892314
101893923
101900093
101998854
101998871
101998882
101998887
101999050
101999449
102006536
102006794
102008475
102010770
102017965
102018036
102018553
102021549
102024742
102027309
102038416
102039193
102039756
102039836
102044150
102049544
102049590
102050279
102060085
102060827
102070719
102070911
102073685
102074052
102074065
102074066
102074084
102074104
102074174
102077012
102078690
102082014
102082670
102090522
102091910
102096325
102097707
102097722
102097737
102097753
102097755
102097763
102097776
102097784
102097788
102097790
102097793
102097803
102097822
102097866
102098738
102106175
102110182
102110467
102113833
102115207
102116047
102208248
102208340
102208535
102210339
102210387
102210467
102210916
102215928
102219482
102224356
102227003
102227816
102228788
102233001
102233016
102234089
102234497
102235547
102238867
102241043
102241526
102241554
102242065
102243565
102244119
102244145
102246334
102249509
102249675
102253949
102255401
102256927
102256956
102256970
102257013
102257072
102257565
102258215
102264756
102267877
102269350
102271780
102272997
102276599
102276733
102279989
102280781
102280793
102280808
102280841
102280854
102280860
102280882
102280892
102282862
102296805
102301036
102302388
102304773
102304822
102304834
102304935
102305318
102313927
102323349
102323351
102327083
102329844
102332230
102436996
102437028
102437029
102437458
102437586
102438123
102439408
102446439
102447178
102448848
102448936
102449607
102451541
102452474
102454324
102456166
102456389
102463280
102463298
102463306
102463320
102463443
102465963
102473108
102483960
102484270
102485748
102487977
102491284
102491300
102491301
102491354
102491359
102491360
102492169
102492949
102493657
102495953
102496475
102507420
102509636
102511300
102516083
102516663
102516667
102516718
102516744
102517149
102517558
102519492
102525191
102525428
102529430
102529863
102534721
102542569
102544494
102545192
102545978
102545983
102546055
102546218
102546402
102546616
102546877
102546930
102546937
102548617
102548934
102552069
102560181
102561173
102565967
102570093
102604314
102604516
102606425
102607498
102623132
102625931
102628621
102629230
102630219
102630254
102630325
102630957
102632159
102634803
102640832
102645418
102646703
102647981
102653808
102655289
102655307
102655324
102655341
102655355
102655361
102655742
102660133
102660697
102662059
102664362
102665214
102670673
102671294
102672130
102672136
102672357
102676734
102677256
102677733
102677821
102677874
102677944
102677984
102678030
102678572
102680710
102680717
102680719
102680748
102680788
102681077
102681238
102681310
102682150
102683843
102686356
102690177
102690826
102692178
102699820
102702054
102704064
102709110
102709148
102709179
102712859
102718959
102719398
102723010
102723284
102728174
102728381
102732110
102733186
102734333
102734382
102737238
102825216
102825305
102825328
102825543
102825590
102827473
102829848
102832355
102835793
102838786
102839384
102839684
102841826
102841998
102850663
102850697
102850698
102850724
102851803
102852101
102852918
102858819
102866891
102868084
102870791
102875413
102875468
102875535
102875587
102876889
102877744
102882781
102889306
102892926
102895392
102897176
102902118
102902203
102903313
102904236
102916196
102916472
102917589
102919069
102921112
102921653
102922382
102923054
102923325
102924476
102924896
102926299
102932374
102932487
102932581
102932644
102933256
102934112
102935383
102936879
102938509
102940261
102947520
102948727
102954560
102954896
102956635
102961743
103948752
103949816
103949911
103963460
103964125
103971432
103981645
103992390
103999032
104028959
104058441
104058549
104075117
104097083
105353432
105353509
105353528
105353652
105353668
105353694
105354137
105355359
105355719
105355763
105359929
105362820
105363778
105367825
105369093
105369661
105372470
105376762
105378625
105380949
105384245
105384720
105388160
105392011
105392571
105397371
105397892
105398296
105410737
105410924
105413036
105415634
105417516
105418487
105421615
105421674
105421677
105421689
105421692
105421700
105423161
105423787
105424915
105428235
105429732
105431702
105433383
105434825
105435137
105437245
105438499
105443556
105443614
105447471
105447689
105449320
105449454
105449863
105458014
105462713
105463056
105467784
105473549
105473632
105473907
105474588
105474613
105474672
105475273
105475897
105485614
105485700
105491302
105492092
105492348
105492888
105493569
105497816
105498417
105500983
11-Kemono
11-Pixiv (2)
11-Pixiv (3)
11-Pixiv
11
12-Pixiv (2)
12-Pixiv (3)
12-Pixiv (4)
12-Pixiv
12-Pixiv
12
13 (2)
13-Pixiv (2)
13-Pixiv
13
14 (2)
14-Kemono
14-Pixiv (2)
14-Pixiv (3)
14-Pixiv (4)
14-Pixiv
14-Pixiv
14
15-Pixiv (2)
15-Pixiv (3)
15-Pixiv
15
16-Pixiv (2)
16-Pixiv
16
17-Kemono
17-Pixiv (2)
17-Pixiv
17-Pixiv
17
18 (2)
18-Pixiv (2)
18-Pixiv (2)
18-Pixiv
18-Pixiv
18
19 (2)
19-Kemono
19-Pixiv (2)
19-Pixiv (3)
19-Pixiv (4)
19-Pixiv
19
2-Pixiv (2)
2-Pixiv (3)
2-Pixiv
2-Pixiv
2
20 (2)
20-Pixiv (2)
20-Pixiv
20
21 (2)
21-Kemono
21-Pixiv (2)
21-Pixiv (3)
21-Pixiv
21-Pixiv
21
22 (2)
22-Pixiv (2)
22-Pixiv (3)
22-Pixiv
22-Pixiv
22
23-Kemono
23-Pixiv (2)
23-Pixiv (3)
23-Pixiv (4)
23-Pixiv
23
24 (2)
24-Kemono
24-Pixiv (2)
24-Pixiv
24
25-Kemono
25-Pixiv (2)
25-Pixiv (3)
25-Pixiv
25
26 (2)
26-Pixiv (2)
26-Pixiv
26-Pixiv
26
27-Kemono
27-Pixiv
27-Pixiv
27
28-Pixiv (2)
28-Pixiv (3)
28-Pixiv
28
29-Kemono
29-Pixiv (2)
29-Pixiv (3)
29-Pixiv
29
3-Kemono
3-Pixiv (2)
3-Pixiv (3)
3-Pixiv
3-Pixiv
3
30-Pixiv (2)
30-Pixiv (3)
30-Pixiv (4)
30-Pixiv
30
31-Kemono
31-Pixiv (2)
31-Pixiv (3)
31-Pixiv (4)
31-Pixiv
31
32-Pixiv (2)
32-Pixiv
32-Pixiv
32
33-Kemono
33-Pixiv (2)
33-Pixiv (2)
33-Pixiv (3)
33-Pixiv
33-Pixiv
33
34-Pixiv (2)
34-Pixiv (3)
34-Pixiv
34
35 (2)
35-Pixiv (2)
35-Pixiv
35
36-Pixiv (2)
36-Pixiv
36-Pixiv
36
37 (2)
37-Pixiv
37-Pixiv
37
38 (2)
38-Pixiv (2)
38-Pixiv
38-Pixiv
38
39-Pixiv (2)
39-Pixiv
39-Pixiv
4 (2)
4-Kemono
4-Pixiv (2)
4-Pixiv (3)
4-Pixiv
4-Pixiv
4
40-Pixiv (2)
40-Pixiv (3)
40-Pixiv
40-Pixiv
40
41-Pixiv (2)
41-Pixiv
41
42 (2)
42-Pixiv
42-Pixiv
42
43 (2)
43-Pixiv (2)
43-Pixiv
43-Pixiv
43
44-Pixiv (2)
44-Pixiv
44-Pixiv
44
45-Pixiv (2)
45-Pixiv
45-Pixiv
45
46 (2)
46-Pixiv (2)
46-Pixiv
46
47-Pixiv (2)
47-Pixiv
47
48-Pixiv
48-Pixiv
49-Pixiv
49-Pixiv
49
5-Pixiv (2)
5-Pixiv (3)
5-Pixiv
5-Pixiv
5
50-Pixiv
50-Pixiv
50
51-Pixiv (2)
51-Pixiv
51
52-Pixiv (2)
52-Pixiv
52
53-Pixiv (2)
53-Pixiv
53-Pixiv
53
54-Pixiv
54-Pixiv
54
55-Pixiv
55-Pixiv
55
56-Pixiv
56-Pixiv
56
57-Pixiv (2)
57-Pixiv
57
58-Pixiv
58-Pixiv
58
59-Pixiv (2)
59-Pixiv (3)
59-Pixiv
59
6 (2)
6-Kemono
6-Pixiv (2)
6-Pixiv (3)
6-Pixiv
6
60-Pixiv (2)
60-Pixiv
60
61-Pixiv
61-Pixiv
61
62-Pixiv
62
63 (2)
63-Pixiv (2)
63-Pixiv
63-Pixiv
63
64 (2)
64-Pixiv (2)
64-Pixiv
64-Pixiv
64
65-Pixiv (2)
65-Pixiv
65-Pixiv
65
66 (2)
66-Pixiv (2)
66-Pixiv
66-Pixiv
66
67 (2)
67-Pixiv
67-Pixiv
67
68 (2)
68-Pixiv (2)
68-Pixiv
68-Pixiv
68
69 (2)
69-Pixiv (2)
69-Pixiv
69-Pixiv
69
7-Pixiv (2)
7-Pixiv
7
70-Pixiv (2)
70-Pixiv
70
71-Pixiv (2)
71-Pixiv
71-Pixiv
72-Pixiv
73-Pixiv
73891100
73891158
73891369
73891809
73891884
73896641
73897164
73907226
73907269
73907300
73907509
73907597
73907686
73907799
73907884
73907968
73909960
73910744
73911200
73923119
73923121
73923123
73923160
73923476
73923548
73923719
73923787
73923808
73923896
73923908
73924669
73925101
73932121
73934916
73935625
73936472
73940472
73941476
73942307
73942799
73951614
73951630
73958581
73958722
73958954
73960040
74-Pixiv
75-Pixiv
76-Pixiv
77-Pixiv
78-Pixiv
79-Pixiv (2)
79-Pixiv
8-Kemono
8-Pixiv (2)
8-Pixiv (3)
8-Pixiv
8
80-Pixiv
80371866
80371869
80371880
80371889
80371964
80372209
80372785
80375035
80378040
80383799
80390045
80391326
80391469
80392125
80392830
80392917
80397288
80404164
80408288
80414308
80414367
80414589
80414718
80414798
80414829
80415804
80416121
80416980
80418273
80419476
80420349
80422055
80422672
80423623
80426518
80431144
80433146
80433309
80438864
80440556
80440561
80440584
80440675
80440734
80440776
80440883
80450031
80450032
80450421
80450422
80455485
80456381
80460806
80461026
80463452
81-Pixiv
82-Pixiv (2)
82-Pixiv
83-Pixiv
84-Pixiv
85-Pixiv
86-Pixiv
87-Pixiv
88-Pixiv
88724755
88724788
88724849
88725085
88725167
88725235
88725368
88725735
88735428
88742183
88742469
88742623
88748209
88748238
88748409
88748508
88749813
88750068
88761967
88762278
88771038
88771150
88775331
88775336
88775382
88775386
88775396
88776488
88776817
88778344
88787199
88791506
88794069
88797307
88797328
88797374
88797585
88797814
88798593
88800478
88802738
88806637
88809039
88809169
88812268
88814992
88818694
88818702
88818729
88818765
88819183
88819185
88820062
88820307
88820335
88822983
88822998
88823878
88825490
88825709
88827013
88828464
88829645
88830891
88831840
89-Pixiv
89-Pixiv
9-Pixiv (2)
9-Pixiv (3)
9-Pixiv
9-Pixiv
9
90-Pixiv
91-Pixiv
91-Pixiv
92-Pixiv
93-Pixiv
94-Pixiv
95-Pixiv
95394086
95394278
95394883
95394906
95395581
95396392
95400283
95405777
95407332
95407930
95408992
95409006
95410760
95420703
95421932
95426996
95428285
95428489
95430180
95432479
95433803
95435011
95435668
95437281
95446418
95446452
95446460
95446469
95446492
95446530
95447502
95447912
95447925
95449182
95451222
95452674
95453899
95454242
95456073
95458752
95459306
95462395
95463963
95465674
95465678
95465964
95476215
95476388
95477489
95487721
95487774
95487812
95489414
95490521
95490649
95493672
95494554
95494816
95500521
95504428
95504547
95505317
95577602
95577654
95577713
95577715
95578205
95578263
95578922
95579258
95579662
95580485
95580781
95581660
95583425
95585537
95588518
95591549
95596231
95598926
95599139
95600427
95600680
95600726
95600819
95600931
95613373
95614696
95616329
95617347
95619494
95619503
95619535
95619686
95620038
95620115
95620335
95621076
95621574
95623470
95623508
95625684
95626959
95628516
95628544
95628786
95629603
95635043
95638092
95639364
95639425
95639429
95639434
95639496
95639520
95640265
95640273
95640739
95641272
95641894
95643127
95644070
95647811
95648085
95648175
95650658
95652105
95659673
95659700
95659742
95659746
95659845
95660105
95660548
95660866
95661257
95664029
95666804
95667178
95667183
95670153
95671848
95671915
95675854
95754880
95754915
95754973
95755265
95755317
95755320
95763445
95764136
95765162
95773977
95775797
95775837
95777715
95778480
95779111
95781091
95785723
95790032
95796542
95796572
95796582
95796589
95796597
95796694
95797579
95797752
95802862
95803021
95803645
95804927
95805047
95805768
95814083
95814429
95817480
95817485
95817489
95817502
95826075
95830235
95832621
95838974
95839264
95890173
95890191
95890202
95891782
95894636
95894768
95902587
95903087
95903846
95908485
95913649
95913662
95913681
95913796
95913856
95913863
95914102
95914456
95915088
95915214
95916021
95916355
95916456
95920218
95931850
95932085
95934129
95936295
95936306
95936352
95936361
95936364
95936401
95936407
95936413
95936465
95936592
95936641
95937610
95938683
95938964
95942374
95945377
95945721
95947520
95948988
95949808
95951062
95953173
95958469
95960012
95960129
95961306
95961930
95966933
95967010
95971605
95972075
95974376
95981667
95986669
95990283
95991820
95994879
95996930
96-Pixiv
96001649
96029533
96029563
96029615
96029636
96029711
96029716
96030667
96031862
96032449
96033443
96035376
96036773
96037187
96040516
96041581
96043178
96046320
96046526
96047852
96048337
96050033
96052735
96058589
96058818
96058824
96060485
96061233
96063295
96070757
96072341
96080440
96080487
96080495
96080506
96080520
96080918
96081478
96081793
96081799
96087493
96088913
96091994
96094254
96096473
96096577
96098496
96102278
96102416
96102457
96102757
96110741
96112419
96115356
96120693
96123186
96123453
96123492
96123582
96123701
96124808
96126598
96130319
96131093
96132017
96132341
96132887
96135620
96136921
96139135
96139474
96637212
96637298
96637309
96637314
96637492
96637525
96637539
96639198
96644019
96644316
96646484
96648456
96648901
96649576
96650226
96651261
96652183
96652184
96658181
96659004
96659038
96659082
96659103
96659119
96659136
96659708
96659988
96659993
96660692
96661519
96662536
96663526
96664339
96668523
96670572
96672859
96673772
96674177
96675108
96678517
96680175
96680215
96680226
96680243
96680531
96680685
96681160
96682859
96683122
96684080
96684654
96687975
96688123
96688556
96689268
96689623
96689892
96690081
96691574
96691701
96694935
96697335
96697749
96698620
96699582
96702417
96704585
96705350
96705374
96705433
96706112
96707232
96707266
96707271
96709906
96717167
96717605
96720697
96720973
96724183
96725786
96726683
96727743
96728223
96731359
96732467
96733047
96733052
96733111
96733161
96733406
96734044
96736484
96739800
96740011
96741090
96741311
96741370
96741567
96741697
96741708
96743075
96746500
96748428
97-Pixiv
97197132
97197305
97197372
97200437
97201307
97207169
97212833
97213102
97213183
97214611
97224481
97224602
97224616
97224638
97224654
97224661
97224775
97224924
97234581
97236103
97246674
97246697
97247030
97247076
97247316
97248057
97249410
97254841
97255052
97256072
97256550
97258541
97259472
97261750
97262246
97262883
97268145
97268148
97268299
97268353
97276191
97276367
97289387
97289650
97289741
97289782
97289806
97289892
97290226
97290238
97290265
97290307
97290441
97296799
97297494
97298263
97298819
97299493
97299916
97301611
97304702
97308004
97649147
97649152
97649161
97649168
97649252
97649480
97650932
97657145
97659340
97663159
97670321
97671864
97673209
97673230
97673312
97674674
97674685
97676685
97682565
97686596
97690194
97691114
97691410
97692412
97692615
97692724
97694352
97698241
97700845
97701833
97701884
97701891
97701908
97701938
97701948
97702036
97703172
97703260
97703458
97704013
97704240
97705234
97709566
97710108
97717098
97717207
97717342
97721470
97721751
97722424
97724072
97724130
97724329
97724406
97724425
97724990
97725047
97725687
97725730
97725783
97731075
97731280
97731473
97732026
97732228
97732656
97744057
97744588
97744622
97744623
97744644
97744690
97744744
97744961
97745242
97751017
97754850
97755788
97756295
97757313
97757918
97758343
97764775
98056833
98056834
98057351
98057994
98059265
98059625
98061275
98062954
98063094
98063805
98063957
98068635
98071914
98073480
98075516
98075691
98077277
98082179
98082251
98084564
98086734
98087094
98088224
98095332
98099129
98099149
98103993
98104436
98104579
98107658
98107677
98107768
98107855
98107907
98107996
98108336
98110606
98110639
98111749
98112275
98118016
98135132
98135423
98135510
98136177
98136266
98137077
98141372
98142482
98143550
98144827
98145750
98146720
98146786
98147072
98148844
98151841
98152034
98153497
98158936
98158945
98158953
98159015
98159031
98159136
98159159
98160033
98165208
98167041
98168371
98168643
98170532
98175092
98175914
98175967
98176535
98176539
98177506
98178458
98179392
98398517
98398534
98398563
98398587
98398612
98399253
98400562
98403233
98406644
98407066
98407180
98408016
98410073
98412716
98413839
98419493
98428086
98429593
98430695
98430962
98432206
98432819
98433059
98433277
98433414
98433558
98434118
98434833
98436992
98438892
98439051
98439131
98439429
98439533
98440406
98440430
98440469
98440604
98440611
98440688
98440723
98440752
98440762
98440807
98440865
98440935
98441028
98441323
98443288
98444753
98445126
98448558
98449750
98457195
98459898
98461053
98461191
98461982
98463780
98466568
98467372
98468632
98469435
98471468
98471855
98471895
98472890
98472944
98473985
98474765
98476672
98479450
98480840
98482658
98482665
98482691
98482701
98482723
98482757
98483451
98484078
98484623
98485926
98486177
98486975
98489525
98491831
98493360
98497001
98497775
98498341
98503619
98506020
98765059
98765079
98765156
98765165
98765280
98766244
98768565
98772941
98775890
98776644
98778091
98778501
98778945
98780134
98785295
98785399
98785401
98785426
98785488
98785523
98785697
98786197
98788297
98788870
98790776
98791463
98791729
98792046
98792920
98794662
98796217
98796554
98797564
98800122
98800555
98805544
98806574
98806575
98806598
98806697
98806762
98806788
98807005
98807057
98809137
98809482
98810293
98814275
98814595
98819623
98823913
98824454
98827563
98830415
98830428
98830437
98832243
98832905
98836959
98841678
98844872
98850995
98854217
98855711
98857798
98857805
98857842
98857850
98859221
98859498
98859752
98870078
98871500
98872447
98877269
98878169
99077609
99078272
99078405
99078627
99078997
99079200
99079944
99081870
99083633
99087956
99088196
99088673
99089807
99091304
99091750
99095405
99095692
99095916
99097661
99097674
99097676
99097683
99097696
99097708
99097795
99098918
99099143
99103243
99106577
99107201
99109077
99112853
99115590
99118291
99118309
99118572
99118635
99119490
99119519
99119723
99119819
99120115
99120240
99120299
99120806
99124639
99126689
99127546
99127789
99130073
99133646
99134921
99142824
99142840
99142863
99142885
99142887
99142908
99142959
99143029
99143526
99146341
99148324
99150110
99153014
99163089
99163241
99163788
99164534
99165311
99166226
99170553
99170565
99170583
99170612
99170622
99170641
99170653
99170992
99173499
99173569
99181355
99181485
99182544
99183743
99184575
99187313
99773629
99773752
99773756
99773771
99773781
99773806
99774261
99774478
99781781
99781809
99782785
99783561
99784881
99785412
99786814
99793071
99800599
99800629
99800695
99800702
99800846
99801136
99801651
99801691
99801983
99802229
99808781
99809302
99812849
99818796
99827845
99827857
99827898
99827942
99827946
99828033
99828097
99829764
99830260
99832923
99833003
99833462
99834121
99834396
99834752
99837309
99837605
99842556
99843312
99843522
99845550
99846070
99846230
99847838
99850170
99850207
99850217
99850223
99850276
99850286
99850320
99850321
99850325
99850329
99851554
99851850
99852212
99852693
99856237
99857077
99863001
99863372
99865577
99865744
99867308
99872743
99872755
99872759
99872760
99872769
99872773
99872790
99872822
99872823
99872860
99872883
99874384
99874484
99875723
99877588
99879314
99881825
99882247
99883173
99883948
99888100
QQ20221130220419
QQ20221130220436
QQ20221130220504
QQ20221130220514
